Astgla	704117	305027	981471	768072	883128	573541	409498	456427	750363	465223
Chrfra	73537	43393	76378	25384	35400	37970	35097	44113	25804	43246
Skedoh	1405908	1723866	649659	316021	278073	286135	153862	170542	396182	188965
Vansp	103475	73808	100511	40177	52928	58787	55022	70218	36122	65997
Pseela	197040	85532	160212	83242	74698	89002	77368	89118	63527	85976
Hemtep	117526	48428	102392	35673	44008	57784	46749	48870	40593	47422
Sorsp	232747	119582	352604	163067	219915	205128	151537	163945	257885	179994
Cycten	227092	72250	172383	113681	150871	97835	80023	96400	118940	97264
Pyrsp	81879	71503	105414	46175	64521	62262	51877	63134	49713	60551
Flopar	328417	348983	882210	127020	154369	247669	209639	243384	120527	222124
Pinpyr	64077	54404	71369	28259	34094	39176	36022	43450	31331	41004
Dolten	87455	53314	88459	35848	43191	51475	46164	52475	32967	50148
Tetstr	470333	433751	466118	175327	270554	302372	247199	269942	173028	256619
GonPac	203306	119632	175110	88700	94461	101527	93187	135095	70918	113535
Alemon	386204	363495	501781	200351	189353	263158	458078	395450	142944	354632
Trisp	51196	18847	61892	37560	54356	40517	32947	34100	55158	36383
Cerfus	497874	321728	558696	274839	225549	280924	259794	277364	216597	281974
Tetsp	327913	93640	176012	58223	89025	79487	142520	133570	74273	191671
Chrbre	186660	98109	260678	60565	76048	208737	155455	161589	78965	133049
RCC9981	38565	10652	22187	18361	12751	10612	10682	12467	9382	12964
Ampsp	412141	185151	461821	279880	395590	195622	184222	211693	219707	205917
Karmic	786009	231639	378047	173731	220126	179686	224051	197598	179344	190253
RCC1871	202434	33996	33814	13549	16378	18588	21726	20488	15345	52070
Dinsp	267555	121146	182336	88827	141510	97920	87685	100698	113328	99482
Cafroe	82019	72105	81502	38054	36386	49974	44628	59419	24442	50390
Hetrot	211795	148169	208381	69740	71496	87698	85651	90566	45081	81288
Steram	155132	118993	191944	91900	132196	122164	94212	99259	129039	106213
Picsal	67230	21557	51379	24928	32539	27643	28742	30404	26402	29888
Ptesp	72794	43413	83609	44423	46496	47968	45025	49838	47690	50623
Vaulit	165127	64076	116629	65657	77284	80504	74849	83992	60540	77522
Eutgym	511110	298369	398469	207954	232661	217671	192066	246059	191536	258025
Cocpel	164015	102272	159695	75018	65736	87360	86455	103141	52756	98673
Ostluc	59615	30588	72465	35593	31808	34930	29845	26807	27691	26449
Aplsp	191441	36088	122677	58288	90602	65690	57147	60392	79815	59065
Chrneb	76197	21914	90430	41766	57386	52199	34226	34392	70151	37786
RCC9982	22815	10086	16706	9567	7379	7446	6899	8728	5393	9467
Crycoh	522186	496839	668153	226602	308381	310809	272617	339465	249075	322304
Ochsp	856914	1255959	926005	429015	1214861	615061	453624	743113	549905	780845
RCC2335	291609	191109	281138	82095	141951	172016	142795	110156	106648	134764
Scrhan	478305	366916	419265	129806	175377	197264	195570	220746	123151	197508
Cyaglo	95848	52299	83179	35398	48457	52153	43671	43759	38425	45902
Pseaus	444550	534392	528130	346308	466762	296987	227632	343970	281298	337640
Aurano	442610	570037	2003765	208095	163142	1411039	806218	726850	544200	823257
Conmag	46384	17637	67559	38150	49102	39596	29918	30677	59428	34971
Rhomac	99195	36973	69448	30697	38003	43232	38528	42182	32694	40081
Pavsp	329468	95660	165374	51063	73655	77673	137858	134936	58195	187215
RCC8569	655	499	917	492	447	461	395	499	351	468
Favehr	137051	162831	111052	262991	71315	85978	85243	106605	58205	122119
D	571620	511418	541218	342513	851351	332878	288097	398055	235080	402858
Branut	539799	241282	385775	65324	142649	138130	133897	238472	82702	314795
Chlcf	71439	41010	58166	39169	32219	37646	29840	44378	28959	41866
RCC9986	7531	3844	6450	3129	3586	3128	2952	3388	3136	3819
Psehei	102463	49334	119169	71762	95681	72826	54784	61606	91600	61647
Aleand	120648	106270	147241	46507	56867	72929	76573	93110	50415	88308
Rhomar	160526	63134	112208	60014	75033	67415	59828	69259	62488	65485
Psepun	229613	116957	309040	269039	241489	182020	136561	155702	225131	160610
CCMP2111	57954	31239	42622	19899	24363	23634	22244	24767	19277	24109
Favtar	665579	415066	260436	440195	264761	184881	481757	366565	162091	508934
Bolsp	256997	122568	194908	86046	118924	116105	96369	108738	85553	108298
Gemcry	288085	202574	297438	151844	141215	156044	128597	164789	117763	166409
Timoli	32712	13640	44248	22243	34377	25266	21485	22243	36013	24331
Parves	152090	64955	231331	93590	157471	118503	88046	89397	163390	101327
Stacon	89577	38626	86466	47609	59683	51487	40216	44726	56506	45835
Pracap	44424	29702	45506	21549	22638	24619	24267	26574	19301	25417
Hanphi	111367	59873	113287	47485	57138	58250	67872	63819	47291	62345
Arisp	124744	38329	115760	66741	86704	69155	55579	60640	95499	64544
Rhiset	1141270	133702	556457	582048	440004	221934	179224	203500	288338	205450
Synpus	61292	34702	51460	19675	22528	30458	27075	31681	16442	28039
Alefun	234778	220372	264649	79657	136747	196048	126767	116603	113424	118756
RCC9984	12178	3734	6106	3151	4005	4186	3438	3985	3450	4124
Chasp	584236	289530	565684	394277	440769	271780	205867	249972	376031	255976
Plecar	469810	215100	265981	86934	141037	154729	130824	217345	89204	273819
RCC2339	96627	70850	99833	40777	53357	57816	53049	64636	41524	63755
ParImp	220084	74514	145506	77047	106841	81398	74990	85769	84904	81926
Odoaur	221602	76016	170161	122097	115376	100211	78766	88393	107230	86779
Litpic	67197	28258	86120	54429	63340	52444	41379	43230	74991	47515
Chrsp	181833	146541	210935	69535	103542	121046	105943	128033	88448	131217
CCMP2298	386465	409626	342522	151385	307028	212061	172413	260493	131577	256713
Hemvir	81997	43527	85607	34553	36484	44114	39885	45137	31583	43193
Hetarc	161281	126222	167742	51158	108431	80805	78897	85013	47213	78532
Dicspe	436188	203693	721824	62722	81854	446320	409662	415691	266543	548233
Alemin	53609	77127	68380	16699	19504	30141	32673	36273	15576	32003
Erymad	32413	14254	30724	13230	17587	16726	15688	16727	15413	16909
Crypar	267052	107060	142679	64531	73405	80531	71922	88942	59212	87094
Minchi	57921	83642	23731	13545	44687	13874	13150	44289	9585	77749
Phacor	103521	60430	108710	34249	43187	60167	49582	50882	30006	51035
Synrec	131911	54429	163704	111511	146335	93710	73000	92749	123915	93355
Pyramy	201870	123519	207221	91295	112162	132049	101141	87695	107525	100657
Eucant	308732	100938	1519114	1365998	1640851	923686	600311	586003	1285334	628844
Heltam	220276	43717	160334	208800	142817	103129	67556	70575	129351	72654
Nitpun	325046	185927	414983	230891	420024	215729	190831	225357	271835	227662
Gymcat	215239	149612	246498	95763	118436	114812	119715	128908	94181	123861
Madery	97472	101333	132656	54490	91179	78543	69065	92583	61508	86140
Sexsp	77547	130868	105187	43319	85898	66907	55039	80071	43828	76665
Lotamo	146070	70926	130758	61810	73844	107024	72677	67960	98260	76400
Pyrobo	73155	45047	97232	36416	38084	57481	45753	51666	37248	50416
Cafsp	56917	59212	66193	31123	30421	40233	36599	49904	20760	42641
Proadh	117001	46306	128305	66492	91944	76301	60374	63597	98737	69375
Pyrbah	232367	180082	258155	88517	113947	129947	133260	146264	87205	134923
Chrpol	320697	257053	494639	145911	145960	281175	229853	254795	105331	226387
Ostmed	1181731	544160	845985	380637	476365	455911	425169	472819	360830	449506
CCMP2097	244236	84895	156720	57793	69377	83738	77797	85213	43364	74875
CCMP2098	487849	410927	479888	200320	303881	276989	227979	275621	196405	267668
RCC8561	2160	1551	2301	1663	1127	1457	1170	1311	1022	1458
Norsph	109166	66261	118841	57000	83438	77223	59587	67457	76105	71855
RCC8563	2863	1541	3086	1430	1430	1632	1391	1707	1195	1770
Ptedan	299380	346854	376368	176178	405222	217818	169241	249420	269728	268186
RCC8565	14151	2092	5536	3037	3437	2586	2926	3119	1528	2788
Chlrep	109629	77608	127628	57878	78980	75612	63034	75806	69658	74399
RCC8567	2682	2503	2516	813	1135	2296	1796	2112	929	1788
Strinc	449076	109602	183404	88848	171699	97339	67680	101479	120479	112600
Undescribed	71277	20634	43877	25339	31919	29336	20149	19937	28713	22493
Dacfra	303040	107773	320422	290296	248125	169402	120710	135507	236184	140009
Pycsp	46257	19271	33436	15407	16768	17595	16737	21559	11501	20537
Detcon	237868	81323	203069	144163	129275	110051	75466	81201	137045	85901
Stracu	320809	226802	295419	242637	161227	171662	147574	184067	145300	202534
Percos	102732	58667	161998	83724	121877	94994	75235	79264	132925	88135
Lepdan	880379	435877	2085248	808451	657835	1218134	699387	799630	1746769	788917
Pracol	214813	67279	114884	52596	68326	58417	53420	58677	48162	54383
Strras	325804	68380	117816	49809	117144	61514	40936	69192	64259	72920
Togjol	169252	154818	178777	70650	86285	93258	93200	108517	63867	103103
Alvsp	82929	48728	79218	37293	38150	42961	40356	48138	31888	47959
Crusti	69467	41677	74150	63823	29648	38140	34793	39133	19889	34950
Hetaka	678758	277569	466148	272210	294103	299992	232212	260005	242345	257480
Styreg	197415	192465	220972	103458	116258	126639	113298	222786	92403	142875
Durbal	533139	308746	520841	215791	340504	247647	236682	262842	232830	253379
Ampcof	254854	238613	246627	125857	262641	142156	111811	159744	137529	157380
Nocsci	117773	84174	138065	60078	76112	85349	69676	77417	74741	79536
Oxymar	5495	5082	5815	2056	2224	2803	2825	3006	1924	2923
Rhimar	177774	68938	143248	78992	76987	68829	64390	79920	61360	89426
Thafra	193242	69483	222823	174985	221247	141386	97511	108523	201261	112406
Eryaus	54359	84115	44530	17833	24161	27238	22454	24824	18657	24191
Hemand	462210	163513	272114	130297	137204	153679	135255	160930	94651	151375
RCC7019	18935	5165	11028	5338	5469	5820	5821	6970	3205	6156
Euphar	39861	23384	57909	31200	36431	32452	27544	31105	39989	33164
Phaant	177084	128827	238060	64304	80927	137296	112045	133707	56277	119677
Picsp	203125	70597	163841	40317	50339	65113	70028	78689	40679	78445
Skecos	3302989	4918526	939540	398081	298418	356501	177612	210662	430347	238057
Nitsp	263212	161125	421530	196747	321952	193701	178412	203554	232112	210641
Flosp	144107	105815	315958	43319	85593	81008	75268	89059	36190	89244
Attsep	207283	51675	143617	82391	124904	89121	65286	72866	122328	74825
RCC7013	2310	1845	3075	1294	1295	2015	1809	2003	1414	1954
RCC7012	2889	1976	3171	1227	1344	1873	1742	1826	1314	1805
RCC7015	2264	1827	3067	1267	1390	1974	1839	2091	1278	1999
RCC7014	6524	5248	7555	2979	3463	3905	3562	7707	4184	8839
RCC7017	1999	1453	2622	898	1160	1438	1376	1525	987	1445
Bolpac	261624	116847	226573	105618	159510	139274	127925	147715	146822	145235
Mansp	486495	331404	488798	140541	242927	295729	247092	189437	185903	233166
Psesp	194916	48398	124858	75712	76090	69026	60544	70456	77286	75611
Alecat	165849	155718	203097	63066	80362	97224	108125	119381	59479	108411
Fraker	634817	501199	935347	497390	719856	567393	415665	505438	684306	527857
OdoSin	142193	36531	90432	59920	71581	59901	44591	46829	68949	47174
Ampcar	482645	184726	187425	76662	100720	98853	96271	205940	87505	107305
RCC7018	2720	2308	3464	2007	1982	2245	2044	2232	1736	2197
Neodes	67197	46520	73647	26314	33450	43203	38531	44210	25293	41847
Thaant	184606	53227	211976	140219	215181	164829	112145	117018	248436	123362
CCMP2000	53565	35436	64620	32085	22675	34750	30292	44978	16625	40511
Eupcra	104835	36437	89460	49886	62146	54015	46928	52617	64833	53966
Chadeb	271781	166241	347235	212846	244276	176740	123627	140739	222959	145818
Malsp	115693	86304	158544	85740	111593	87545	76159	90027	99506	97741
CCMP2293	420003	196414	316228	156479	153219	166484	147011	177352	99980	172934
Scrtro	665293	616949	698526	179515	292819	331686	322491	375884	223936	345556
Chacf.	266619	172179	332757	226238	233776	140912	100461	108568	180669	111519
Thanit	707154	166561	418960	227846	339206	187133	154067	187410	259204	178648
Thrsp	80342	55059	93603	44311	51850	52435	48779	54042	50442	63629
Polgla	457107	285347	436085	262042	269909	231979	239948	258863	213321	268502
Gemsp	258801	181421	262182	130369	118924	137017	109733	142875	98635	141601
Minpol	399776	162064	334432	155118	197521	201792	149801	171904	178215	168565
Peraci	277920	235588	261745	77784	107198	123977	121132	136590	81941	123493
Extspi	673975	296123	509010	251019	339575	277813	280727	316093	281845	375393
Proala	210007	54546	178895	114691	151608	115272	85129	87900	159740	99166
CCMP2436	328986	190692	255085	105566	149935	142388	124051	157124	94572	152371
Lotglo	307871	327063	323721	145567	216379	179316	159522	209316	154277	197618
Lanabb	42980	39101	56523	29045	48142	34702	26919	32299	39133	34150
Guithe	136558	113924	159462	68143	81914	85636	72719	99687	70252	95799
Gymsp	93645	39600	89464	48533	68711	53454	44979	48472	66165	49724
Emihux	948582	596379	763768	225727	297648	432402	425275	585429	193941	550461
RCC7011	5270	3300	4931	2525	2893	3355	3036	3529	1889	3627
Astrad	150194	70219	184667	89038	142069	123192	90695	101998	152801	104703
Palbil	213071	202341	203668	95132	144072	114403	99891	135110	92312	137188
Entsp	90935	25800	125028	74373	125790	76914	56543	58397	99899	60325
Coswai	196976	38364	131338	107869	109808	80802	62006	64774	109320	66660
Gamaus	139632	102476	153431	57213	68316	75400	75984	84709	55572	81915
CCMP2135	82780	56771	88709	29726	43838	50559	42057	45108	32479	43693
Rhosal	161054	79325	124697	55807	58020	63713	60007	71514	41863	68316
Hettri	243691	164231	293466	56221	81543	87502	91038	100171	51929	91709
Pessp	69246	59417	107728	54654	90060	57904	48621	56897	76199	60535
Biglon	114702	92206	120422	58180	86768	72022	60483	73304	68001	75947
Aletam	610263	405231	671723	250583	286692	350906	305622	357601	199415	332873
Myrrub	227248	62736	201651	91337	102861	92114	73811	79343	108513	83619
Prypar	348353	137459	287200	99479	120568	160858	138544	156878	89921	142882
Ammsp	114825	55235	114880	56888	79737	64202	52843	149982	80402	61943
Chrrho	70658	49899	76508	24423	32546	48452	38836	40246	25683	39220
Rholen	95507	79814	111137	49778	52158	58851	51871	64549	39728	62294
Tetast	106216	87032	145707	63732	73301	78892	68392	88570	55448	86823
Parban	102825	33368	96423	52585	72258	61375	52152	53546	79839	56639
Pelbei	381835	290222	391202	118605	123523	223525	224702	242618	156645	231530
Tetchu	88607	86052	97863	46994	61142	60058	51165	67178	41393	59374
Corhys	179707	48464	143458	122954	122604	97607	77625	81292	120529	82229
Phapar	424343	583823	526006	181878	337252	347435	259790	357949	207636	367971
Glowit	245732	215264	292145	171930	212665	177158	143286	174923	148061	181994
RCC7016	3017	2369	4146	1804	1847	2231	1981	2576	1280	2266
RCC1024	56610	30176	57758	17188	21788	32206	27771	31255	15224	28085
Pyrpar	113809	63172	120172	53620	75439	68525	62058	69414	67404	68103
Plamac	110389	43239	107145	56181	69130	60694	52042	59523	72178	62220
Manant	111005	67433	101156	38818	43401	53901	50214	56632	36462	53718
Cycmen	3094234	273977	421000	250054	407094	181863	113618	129122	226273	132783
Kryfol	627416	408864	661925	288639	373490	286620	274567	307275	235426	289366
Strsp	258978	83490	181203	101302	110174	106717	85993	120250	111127	126901
Proret	170189	151706	208442	69517	83176	99203	101497	115076	61958	107011
Gepoce	177692	179640	210053	110249	76007	122788	98864	122215	48897	263718
Spuelo	166578	97381	191447	95236	62109	65566	64907	69188	53346	90420
Glefol	480512	315741	471399	194616	270384	205734	196986	228411	157482	208067
Thamin	546010	131711	392417	237895	276960	209254	156227	170616	237794	172570
Thapun	209256	49072	143252	78990	93472	81597	64137	67114	91101	77433
Isosp	234777	140641	221158	95426	97419	121224	103106	130009	61861	262375
Prasin	53986	32471	53647	18746	23787	32079	30565	31218	16363	28572
Comcoe	311825	236812	319011	103177	169835	223336	157157	140265	136703	149303
Psedel	303769	117449	286864	238271	224738	166975	120277	139326	188672	147414
RCC8568	2122	1379	2450	1394	1425	1417	1245	1390	1139	1308
Hemruf	111175	54734	111029	43358	47939	56861	51031	57877	40183	55117
Batpra	345751	279183	359125	157444	271279	163845	145848	173259	151375	179247
Craaus	98502	42027	92089	54714	108509	55604	43756	49755	56699	49602
Micpus	36788	20187	30897	13166	15613	17877	16629	17207	12725	16631
Poraer	76124	45884	65037	37156	45085	68788	33575	36078	54790	38752
Rhoabb	164314	92821	161116	72350	78555	84734	77896	90674	63848	88344
Thasp	556486	168852	391810	246761	251755	196422	148273	170207	222475	171253
Ostpra	227204	120512	226176	102930	133959	85954	80155	79543	86483	87356
Pseare	159831	61791	185676	136496	149236	105747	76680	86837	139118	90492
Fibjap	69123	22816	65410	53145	58866	38089	30670	33332	41741	33113
Corpen	251243	61703	179082	99249	139712	114377	85692	90533	134362	93591
Chabre	141098	42144	120746	90561	101800	54788	36596	41034	71480	41809
Isogal	481644	202470	288192	149494	100824	120931	96214	116777	69634	161637
Symkaw	17690	13698	22277	10587	14081	15182	14330	14924	14600	14806
Chreri	485621	365632	649650	87148	139080	500541	306806	726782	158862	740386
Lotoce	99260	103205	120958	52653	70686	69160	60928	76181	58615	75750
Symsp	1765315	869945	1493541	727372	799453	840553	885182	979517	758127	1255291
Pycpro	104893	79270	88631	35367	56305	52199	46513	53845	36669	53345
Polpar	301476	291549	386996	155821	253458	208097	169876	222213	208127	233478
Azaspi	400214	239166	321914	116128	144920	158432	165303	179033	115147	168554
Micsp	682369	257859	515293	161046	217853	260593	188781	259418	148225	327701
Graoce	120104	44287	161651	98062	131444	84574	72210	80052	119937	85172
Chrvel	212600	234460	234071	118528	161998	151459	126505	163631	104329	155387
CCMP1999	50697	38398	49120	24146	32051	28784	25663	32421	23460	29621
RCC2288	104425	101761	145632	53712	57858	85779	71457	91348	44867	81897
Gonspi	154947	114175	131672	42105	72531	63062	66950	73638	40371	74809
Psefra	384721	245567	324023	191952	227501	185850	152749	183217	182635	175624
RCC8562	2546	1628	2693	1197	1246	1530	1335	1460	991	1500
Thawei	364591	114467	286717	243722	226965	160923	117702	132159	195397	133189
Skemar	8604705	15646656	2580645	1147870	881834	1101196	525677	601765	1377743	676509
Acasp	167335	64739	118670	95067	69966	86688	106631	148785	62412	131179
Filnol	53691	26423	79229	41751	66774	45478	39160	41796	64057	44925
Pelcal	180674	74790	151819	47270	60929	76013	77677	93852	50802	543058
RCC8564	2268	1992	3147	1127	1357	1823	1428	1782	1247	1728
Sarsp	44351	15862	36329	26673	18740	20649	15480	17881	13185	16893
Phasp	76731	58827	107947	28077	33052	61374	49836	58447	23031	52635
Ditbri	765723	370135	937166	783361	756957	562027	414261	483642	727527	458711
Stetur	422913	100197	226380	161236	160604	121357	99183	111921	143303	111673
Debhan	109245	46316	96911	49220	64625	56813	42929	46922	62569	49828
RCC9983	11155	4522	7600	4800	4692	3648	3186	3903	3114	3900
Parglo	439600	396344	475671	172876	275314	302854	233382	238308	200391	251174
RCC9985	25256	14874	22150	8730	11915	13830	10341	10115	8942	10698
RCC8566	1593	1325	2458	906	1138	1467	1268	1518	1022	1472
RCC9987	41758	6583	15871	13327	8957	6711	6747	8403	5020	8552
Permar	12537	7412	12617	9133	7698	6461	5942	6671	6689	6808
RCC9989	27632	6245	11351	7017	6634	5466	5130	6206	3865	6564
RCC9988	23028	5907	10848	6298	7272	6009	5872	6815	4481	6761
Chaneo	830520	545974	839607	735343	743405	453876	333138	408742	555669	548993
Tharot	865511	506129	491449	401834	382647	269329	290508	309963	309929	376206
Bignat	1155064	2224548	1334816	590505	1664971	833381	656049	1190309	628423	1166270
Mespul	375248	276952	349689	150204	160426	191534	155912	169840	146408	165370
Tiafus	320327	159905	335345	186619	219348	185562	152925	173576	196869	174858
Chadic	169605	47065	149109	87197	118927	78787	61486	67227	106986	70200
Callep	109264	120149	142464	53400	62833	85726	69527	91280	43912	77376
Ampmas	171176	139378	202658	81621	101075	113180	105198	194730	91748	110645
Perche	8789	5295	9887	5084	6446	5298	4926	5831	6601	5986
Neppyr	125301	97332	131260	46841	55829	89462	67452	74678	50315	71475
Cylclo	208180	59029	272429	203189	240072	157468	125493	135230	226390	137839
Skemen	469961	349468	555446	340419	310733	252439	145907	156439	325808	174133
Chasub	218083	78957	206411	126241	171100	139544	98299	101219	160707	108680
Amppal	150644	60452	226966	153926	197408	113617	99271	107597	147011	108580
Aurlim	291298	133081	233252	107981	135550	127008	113562	141974	117102	140886
Picokl	60433	17747	50916	25661	39023	30470	26207	27461	32651	26884
Aulsub	98242	27818	119554	76505	105893	69123	51341	52860	95400	57010
Linpol	511010	313846	401883	121720	156624	193193	318192	237516	170256	236515
Amosp	83500	31501	65189	27281	33703	34025	34543	35444	30562	34054
Maysp	406264	355736	436953	139433	231280	293290	211967	202521	179830	217231
Pelsub	754410	207587	215760	57293	142602	91399	212353	292020	81958	448664
Scyaps	110637	90425	126650	56604	69114	72026	61449	74127	55951	70147
Vitbra	67775	46531	77068	37083	37902	49471	37930	44600	36031	44242
Karbre	878897	597573	980623	395188	474343	465843	478683	537359	434677	542237
Proine	161525	30334	98861	69393	81997	63434	54903	59651	86034	61839
Gonsp	124138	80664	107993	50439	61178	61690	56693	70661	41729	67205
Prosul	136131	84487	149579	60810	77901	88975	68893	70206	69174	72339
Rhosp	98810	72630	100091	40235	46065	85944	45712	46151	40527	98369
Chrrot	191419	164622	247578	100053	74423	140457	98280	106598	64166	104701
Promin	1228019	1834701	9327860	1027963	363883	3528151	2753080	3876026	1678940	3220500
Crycur	97010	56578	106629	47802	52095	58727	52012	58482	50673	58515
Tridub	116069	57431	102164	80342	75531	62066	55773	69735	60800	64514
Struni	202509	86154	260806	230575	237030	140572	108296	121785	189530	124982
Dinacu	908768	183259	374324	97707	85855	101173	182913	208590	103642	165562
Urosp	60014	23324	70558	41785	44347	41839	27011	31672	56308	36713
Aurlag	479909	137324	242658	128497	192876	131806	104912	168560	150149	243675
Unaligned	24653949	22353769	40152626	21691482	27363806	27633398	18611535	22285626	27784295	22801707